750
186
170
986
55 715
779
643 657
289 735
739
200 968
159
933
902 583
654
813 138
359 824
93 876
119 99
957 523
520
744 291
443 995
718
447 521
906
775
22
246 47
621
691
560
869
514
222
480
961 335
706
836
814 945
936
118 636
981 635
656
342
791
950
197
60
734
8 355
666 977
0 937
982 44
481 458
789 665
231 984
932 664
600 999
202
337 911
260
24
495 806
350 390
662 236
409 881
631 853
474 257
590 862
843
811
78
286
103
439
549
963
695 535
586 765
692
393
564 571
273 408
787
338 395
976
531
381
942
122
449 59
43
673 424
3
339 428
753 88
629
879 543
358
951
570
538
196
677
144 716
433
809
397
623
761
626
893
537 465
541
741
611
346
724
201
552 49
123 353
913
320
35
460
962
859
971
865
669
874
831
225
76 413
305
979 414
416
255
247
517 52
969
180 471
228
877
640
730
607 64
846 834
597
11
216
956 609
98
85 714
975
709 68
332
129 689
946 40
772
935
672
251
29
86 769
384 32
105 492
796 943
87
265
271 660
158 330
107
380
687
851
637 438
162 461
206 861
754
19
446
298
215 143
476 172
375 53
364
426 234
488
801 244
780
468
13
606
230
323
914
448
930 503
582 470
704
174
667
682
396
771
41
717 598
908
948
369
94 953
329
972
345 749
445 529
804
721 190
690
486
964
605
522 993
179
777
148
547 837
686 324
786
584
412
18 974
133 783
546
181
498 253
322 988
702
348
472
302
559
554
989
370
309
644
325
708
239
442
817 150
117 892
526
939
10 558
121
427 952
820
864
997
998
992
641
407 432
392 95
48
758 116
155 684
65 102
921
871 124
774 371
344 797
756
620 563
823
378
685 343
482 800
111
494 12
131 585
185 252
441
649
278
922
328
671
776
655
374
134 262
661 383
815
254
736
292
112
938
694
195 731
161 368
898 581
391
241
678
747
639
647
500
958 720
420
274
944
752 310
659 501
83
282
303
203
21
849
484 891
224 183
860
37 884
489
212
505
63
852
208
700 169
136
839
14
502
830
400
293
900
336 402
628 218
146 365
821
967 816
54 126
887
229
217
550
187
569
645
459 632
301
340
349
528 363
164
152 226
624 269
822
955
219
848
245
210
539
625 36
263 897
729
746
326
25
602
319
646
790
810 985
300
827
807
601 388
794 580
256 589
27 401
994
141
1
792
855
168 542
828 6
743
73
931
840 72
970
406
742
232
135
142
857 250
487 599
652
386 15
26 151
880
74
100
875
966
453
799
767
978
722
69 418
184
959
515
854
379
248 128
399 490
551
707
462
385 372
58 469
651 297
9
434 618
870
249 264
510 31
844
177
596
171 382
70
456
294
610
276
773 668
745
451
42
527 104
705 318
885 795
915 770
272
30 696
725
314
280 894
290 518
496 991
842
267
457
194
467
812
983
890
493
826
352
532
227 676
405 726
366 452
127
918 422
299
525 681
850
354
561
266 670
762 912
145
768
311
132
334
356
333
45
688
304 153
394 513
327 553
723
270 947
108 534
259 188
808 916
728
925
149
802
139
223 130
593
56
748
431
556
923
221 919
619 419
285 929
67 587
137 20
630 675
710 57
213
693
863
176
28
120
97 760
66 544
627
5
235
519
404
565
147 478
61 941
165 825
240
895
435
658
866 980
634 466
308
140
110
479
50
367
506
7
614
39
91 243
238 833
4
75
616
237 403
444 51
579 173
312
287
211
38
548 698
499
907
347
193
934 214
504
398 832
591
109
872 711
114 71
437 2
927 841
954
592
436
883 973
96 940
411
209
540
277
778
361
357
33
648
156 737
882 512
713
764
889
316
34
192
845
712
594
268
516
917
642
530
878
89
315
509
557
573 115
568 965
926
313
81
450
905
463
727
613
507
207 858
106
757
77
473
360
362
829
154
566 701
261
924
650
555
423
755
867
440
719
296
166
331 805
508
574
575
733
376 475
16
410 697
295 454
886
803
680
167
674 960
23
784
622 307
178
279
576
782 683
990 909
788 751
429
284
242 524
113
288 798
785
996 901
163 199
101 82
321 182
477
62
317
759 838
417 46
455 608
511 904
281
341 615
80 617
633 198
868 910
425
191 572
819
679
92
205
483
220
578 793
949 653
928 873
987
638
896
738
421
125
766
588
84 415
90
377
781 763
464 612
497
275
533
899
233
856 545
389
491
258
351
175 699
562 903
595 835
485
189
373 703
306 160
740 79
17
387
430
157 603
920 204
577 847
604
663
567
536
283
732
818 750
888
