100
2 1
500 300
900
660
2 1
500 300
1500
809
2 2
50 100
450 449
1100 1101
2 1
500 300
300
500
1 8
10
11 13 17 11 16 14 12 18
1 1
4
7600
2 1
8 6
15
11
1 6
2
1430 1400 1317 1400 1540 1512
1 7
367438
743752 927899 996249 815928 911678 340685 935962
2 8
10 7
14400 25812 1011 19100 16285 25000 17486 11700
742 11504 18370 17500 10010 14333 12320 12811
1 4
10
2000 2811 4400 1058
1 1
3
300
2 5
8 10
18235 15840 13421 9600 3447
16200 23239 16737 4238 12000
1 4
1
376 99 330 200
2 1
4 10
4004
8190
2 3
6 2
4011 16239 5400
5414 1315 1800
2 8
3 2
2905 3300 2811 3300 2843 2922 3194 3000
2003 1800 1800 2022 1977 1933 2000 2135
2 4
3 10
13 9 6 27
36 110 30 20
2 8
6 1
600 3600 2640 1680 3187 4321 1216 4592
100 737 360 769 292 217 600 505
2 2
3 4
614 305
384 844
1 5
235412
675724 877680 890597 999864 821398
2 8
9 2
3960 11481 2700 17001 21259 2970 3600 19955
3969 720 2446 600 4669 800 540 3836
1 3
9
45 56 63
1 7
10
16117 23624 18000 12311 15000 6013 1866
1 1
7
9392
2 4
7 7
14490 15565 16777 16773
14600 16674 17710 14491
1 1
415153
752678
1 2
7
7 77
2 8
4 1
841 1159 3363 7200 7480 8993 10000 4642
819 209 2200 1083 2203 1530 2500 272
2 5
1 7
189 2250 2182 1075 2200
19250 1382 15400 16479 7568
2 8
1 2
3 6 8 2 11 7 6 6
6 15 18 4 11 16 11 13
2 1
3 2
4320
3520
2 8
4 5
9785 4000 3773 9000 8630 4840 10463 1320
4693 12409 10931 5000 4950 10128 13750 1648
2 8
9 8
9 9 9 9 99 9 9 99
8 8 72 8 8 8 72 8
1 6
16639
686347 910999 783304 964836 968780 249895
2 2
6 8
2252 2524
3202 3285
2 8
5 4
4870 5385 4889 5000 5177 5000 4500 4723
4059 4326 3841 4400 4000 4000 3734 4357
1 5
8
1581 2308 3422 800 3600
2 8
130023 293202
933979 380899 882832 814778 999221 931016 897409 181376
911514 566953 966614 878622 941756 467636 812223 971185
2 1
385373 175787
929679
320527
1 7
119242
327114 758063 996073 549461 969473 743309 858977
1 4
119334
590795 197010 959554 993653
2 1
10 7
15555
11147
2 3
2 4
14 18 2
4 29 44
1 3
9
20295 20894 19764
1 6
8
13086 13530 13600 12240 13626 13601
2 4
2 8
3153 2700 2840 3081
11679 12429 12869 13200
1 2
1
1630 1980
1 6
9
9713 1672 23208 19800 12840 16830
1 7
4
2800 800 2640 440 1232 1452 2051
2 8
3 5
1500 540 875 290 2616 2310 1791 1284
4247 494 3150 2038 1536 2985 2500 1100
2 2
7 8
2128 2310
2432 2160
2 7
9 2
9999 9000 9296 9482 9153 8475 8684
2000 1818 1973 2189 2065 1911 1855
2 7
4 3
847 880 720 794 759 845 800
638 599 660 540 614 600 553
1 5
6
5280 5236 4555 4666 4800
2 3
9 5
11684 9743 10490
5896 6005 6561
2 7
9 4
16200 16200 17820 16123 17430 14580 16264
7200 7920 7350 7200 6740 6480 6487
2 6
4 1
4 4 4 36 4 36
1 1 1 11 1 11
1 3
7
47 55 21
2 4
77630 88214
930521 753963 843204 623442
943322 921536 904256 754468
2 7
8 5
1484 4172 744 4833 5463 2160 3200
2597 940 2994 1650 2000 511 3392
2 5
2 8
9 6 8 8 18
34 24 32 88 44
2 3
8 8
8 88 8
8 8 72
2 6
6 9
12006 12018 11652 12904 13266 11534
17400 17718 19417 16281 18009 18027
2 8
7 7
6119 5833 6930 6144 5819 5733 6485 6293
6329 6277 5851 5772 6255 6293 7007 5670
2 4
212572 248535
780874 728659 637017 733486
804646 695478 864996 919716
2 6
2 7
14 10 11 2 6 22
7 63 35 35 49 21
2 8
754355 753496
587936 919164 840683 854313 476199 961341 992549 956380
364565 989379 894311 993111 825703 655678 876814 772414
1 8
10
4690 7907 2000 2811 4082 900 6600 7000
2 8
3 3
2640 1967 311 1607 600 1194 810 2100
990 2160 1534 2100 305 1096 600 1866
2 2
7 10
7 7
11 9
1 8
9
9945 10076 9485 8910 9087 9772 10148 9898
2 8
10 5
90 70 45 42 65 30 30 21
15 24 55 10 16 19 32 35
1 4
137567
687175 754302 872271 944926
2 6
7 5
12425 11935 12593 10742 13090 11914
7650 8932 8525 8510 8353 8070
2 4
56551 521761
355562 700770 870909 624704
944901 353639 908158 842121
2 8
22875 203638
703133 528824 790073 173424 568133 900524 827765 821969
772568 308331 908738 536110 917916 844440 986201 683456
1 8
3
1386 1650 1350 1416 1515 1515 1574 1500
2 3
1 2
200 110 301
400 620 180
1 3
1000000
900000 899999 900001
2 3
4 7
4 30 23
7 52 44
1 5
3681
368745 859236 868120 996882 899958
2 5
8 10
3019 1647 800 2160 4352
3300 1000 3800 5473 1906
1 1
5
45
2 8
2 5
1760 2000 202 600 191 5163 4840 4247
1500 500 12902 10453 3600 486 9900 5000
2 1
10 4
10000
4000
2 8
442202 342876
924147 963744 511151 203406 296920 677623 936870 763334
916562 444755 950282 921612 256252 546581 595113 828580
2 8
3 6
7200 7245 7071 7103 7920 7200 7021 7817
13446 14176 14400 12960 13030 14400 15081 13645
1 6
5
5 15 45 23 5 10
2 3
2 6
439 660 200
1250 600 1620
1 8
10
6 4 2 5 1 7 8 3
2 8
1 4
1 1 1 9 1 1 1 11
4 4 4 4 4 36 44 4
1 5
8
88 15 40 24 44
1 1
9
7828
1 2
6
37 26
1 6
3
2459 7586 4383 4028 2700 5940
2 8
8 10
6815 7920 7314 7176 7640 7208 7687 6800
8970 9091 9462 9702 9010 8127 8100 8747
2 7
6 5
11358 12326 10930 12964 12384 10800 12000
10000 10570 9320 9408 11000 10967 9136
2 3
10 6
17000 10043 20783
6098 12359 10200
2 8
1 1
1000000 999999 999998 999997 999996 999995 999994 999993
999992 999991 999990 999989 999988 999987 999986 999985
